0.39740487933158875
0.3990854024887085
0.39852380752563477
0.39589446783065796
0.3973042070865631
0.39707398414611816
0.39598265290260315
0.39594605565071106
0.39380982518196106
0.39281272888183594
0.39241278171539307
0.39038175344467163
0.3883109986782074
0.3886340856552124
0.38756266236305237
0.3871878683567047
0.3879144489765167
0.38776034116744995
0.388929158449173
0.38926947116851807
0.3892718553543091
0.3891983926296234
0.38921961188316345
0.38952502608299255
0.38753604888916016
0.38707876205444336
0.3868195116519928
0.3866463899612427
0.3869674801826477
0.3863164782524109
0.3861920237541199
0.3864014446735382
0.3861042857170105
0.38609805703163147
0.38399386405944824
0.3832375407218933
0.38280171155929565
0.38185641169548035
0.38118869066238403
0.3802851140499115
0.37850919365882874
0.37421396374702454
0.3736497759819031
0.37288838624954224
0.37365859746932983
0.37287935614585876
0.37324851751327515
0.37348735332489014
0.3735693097114563
0.37433716654777527
0.37542882561683655
0.3787058889865875
0.3796921372413635
0.38191184401512146
0.38369178771972656
0.38388025760650635
0.3868827819824219
0.38701170682907104
0.3867732584476471
0.38675734400749207
0.38673916459083557
0.38622742891311646
0.38921964168548584
0.39115360379219055
0.38759928941726685
0.3793429434299469
0.3743283748626709
0.3751797676086426
0.3755125105381012
0.3897307515144348
0.3915869891643524
0.3925325274467468
0.3950771689414978
0.39112207293510437
0.3894634246826172
0.3859861493110657
0.385153591632843
0.3828779458999634
0.37641870975494385
0.3771926164627075
0.3762771487236023
0.37498095631599426
0.37608373165130615
0.3773241937160492
0.3811737298965454
0.3807187080383301
0.3833988606929779
0.3831612467765808
0.3842032849788666
0.38353264331817627
0.38344016671180725
0.38240835070610046
0.383257657289505
0.38095179200172424
0.38002490997314453
0.38023510575294495
0.3805537819862366
0.38024359941482544
0.3806038796901703
0.3802110552787781
0.379688024520874
0.3821140229701996
0.3800995647907257
0.38315775990486145
0.38420554995536804
0.38397306203842163
0.3859429359436035
0.3932720720767975
0.3954775631427765
0.39549720287323
0.39698299765586853
0.3974311947822571
0.3959296941757202
0.3963545262813568
0.39943867921829224
0.4005151391029358
0.4023149311542511
0.4015783965587616
0.40098023414611816
0.40208300948143005
0.40207359194755554
0.4020967483520508
0.40251725912094116
0.4024282395839691
0.4024895429611206
0.401925265789032
0.4025558531284332
0.4010975956916809
0.40099915862083435
0.40122488141059875
0.4007840156555176
0.4009789824485779
0.40050506591796875
0.3997845947742462
0.3998810350894928
0.39997193217277527
0.40003037452697754
0.40002667903900146
0.3999890387058258
0.39728036522865295
0.3982686400413513
0.3975934386253357
0.39658087491989136
0.3970067799091339
0.396517813205719
0.3967510461807251
0.3965231776237488
0.39621278643608093
0.39565402269363403
0.3949437141418457
0.3944369852542877
0.38602903485298157
0.36871373653411865
0.3667844831943512
0.36411577463150024
0.3644629120826721
0.3662068843841553
0.3684912919998169
0.37192466855049133
0.3728148341178894
0.37376028299331665
0.37497806549072266
0.3729335367679596
0.37386661767959595
0.37273094058036804
0.37136727571487427
0.3715880215167999
0.3711194396018982
0.3716055750846863
0.37187373638153076
0.37168872356414795
0.37321212887763977
0.37313973903656006
0.3727642893791199
0.37356775999069214
0.37272804975509644
0.3732346296310425
0.3727845251560211
0.38363197445869446
0.3922538161277771
0.39844778180122375
0.3986314833164215
0.3973965644836426
0.39816814661026
0.3977682888507843
0.39811551570892334
0.39782559871673584
0.39841732382774353
0.398510605096817
0.39937537908554077
0.39916858077049255
0.39889323711395264
0.39840584993362427
0.3988034725189209
0.3988068699836731
0.39897283911705017
0.39933234453201294
0.3991479277610779
0.3988649845123291
0.39925986528396606
0.3994821012020111
0.39992135763168335
0.40247100591659546
0.39983710646629333
0.3962211012840271
0.3959251642227173
0.39812171459198
0.40162718296051025
0.4033997654914856
0.41099029779434204
0.41822710633277893
0.41916659474372864
0.42089176177978516
0.42078375816345215
0.42098307609558105
0.42061370611190796
0.42077386379241943
0.4226948022842407
0.42524254322052
0.42518746852874756
0.42522457242012024
0.42511701583862305
0.4237353205680847
0.42470240592956543
0.42467036843299866
0.4331876039505005
0.4363306164741516
0.44257262349128723
0.44488227367401123
0.4469203054904938
0.44477275013923645
0.42724350094795227
0.42134448885917664
0.42005544900894165
0.4202266335487366
0.41931384801864624
0.4206681251525879
0.42159736156463623
0.42277052998542786
0.4233191907405853
0.4235256612300873
0.4246191680431366
0.4253762662410736
0.42529886960983276
0.425354540348053
0.4239712357521057
0.42249250411987305
0.422417551279068
0.422408789396286
0.42259079217910767
0.42352399230003357
0.4233613908290863
0.42387643456459045
0.42321479320526123
0.4231005907058716
0.42320141196250916
0.4231482446193695
0.4240661859512329
0.41458651423454285
0.4171079099178314
0.41948622465133667
0.4188438057899475
0.4199700653553009
0.41904833912849426
0.4187038242816925
0.41844162344932556
0.4191983938217163
0.41878172755241394
0.4170404374599457
0.4170602262020111
0.41732239723205566
0.4162120223045349
0.4146454930305481
0.4124923646450043
0.41142523288726807
0.41241565346717834
0.41288134455680847
0.4149562120437622
0.42116907238960266
0.42388826608657837
0.42744120955467224
0.4297984540462494
0.4290164113044739
0.42931580543518066
0.43132859468460083
0.4301992654800415
0.4296097159385681
0.4299617409706116
0.42997854948043823
0.429731547832489
0.42980271577835083
0.4298539161682129
0.4298722445964813
0.4295382797718048
0.42949995398521423
0.42925769090652466
0.429189532995224
0.4283364713191986
0.42778530716896057
0.42791983485221863
0.4273650050163269
0.42842260003089905
0.427358478307724
0.4274880886077881
0.42746245861053467
0.42784449458122253
0.42813873291015625
0.42951104044914246
0.4291306734085083
0.4292016327381134
0.43113961815834045
0.4432811439037323
0.4524151086807251
0.45258644223213196
0.46173495054244995
0.47054073214530945
0.4801262319087982
0.4822095036506653
0.48539531230926514
0.48584306240081787
0.48464804887771606
0.48461100459098816
0.4844397306442261
0.483560174703598
0.48287081718444824
0.48242124915122986
0.48240676522254944
0.482360303401947
0.4818774461746216
0.4812816083431244
0.4806566536426544
0.4814218282699585
0.4808400869369507
0.48125067353248596
0.4808851480484009
0.4821847677230835
0.4594843089580536
0.4650469720363617
0.4644821584224701
0.46514445543289185
0.4642484188079834
0.46235620975494385
0.45996585488319397
0.4581969678401947
0.4560401141643524
0.4545854330062866
0.4535854160785675
0.45343631505966187
0.4529259502887726
0.4529517590999603
0.4520181715488434
0.4510570168495178
0.44839683175086975
0.44677990674972534
0.4430908262729645
0.44235292077064514
0.44224169850349426
0.441746324300766
0.44106626510620117
0.4414308965206146
0.4412306547164917
0.44215333461761475
0.4452987313270569
0.45084983110427856
0.46137693524360657
0.4688873589038849
0.4691402018070221
0.47219350934028625
0.472045361995697
0.4717419743537903
0.47185543179512024
0.4718678891658783
0.4718419015407562
0.47185513377189636
0.1309087872505188
0.4664631187915802
0.4628598690032959
0.45943960547447205
0.4581237733364105
0.4556705355644226
0.45263540744781494
0.4453887343406677
0.4368291199207306
0.4287686347961426
0.4253678619861603
0.4210261106491089
0.4190451502799988
0.4197491705417633
0.4163613021373749
0.41590616106987
0.4153870940208435
0.41380080580711365
0.41382673382759094
0.4128372371196747
0.41312167048454285
0.41346102952957153
0.4147930443286896
0.41624706983566284
0.4122939109802246
0.402475506067276
0.37486177682876587
0.37423303723335266
0.3547232747077942
0.3469994068145752
0.3487348258495331
0.3440816402435303
0.34628358483314514
0.35091033577919006
0.35706275701522827
0.35828983783721924
0.35754382610321045
0.35752442479133606
0.357739120721817
0.3578563630580902
0.36031919717788696
0.36924368143081665
0.38028353452682495
0.386687695980072
0.3922116756439209
0.3958531618118286
0.3996821343898773
0.3999655246734619
0.3982803523540497
0.3991239666938782
0.40004321932792664
0.39959368109703064
0.4002397358417511
0.40018758177757263
0.39892566204071045
0.3976236879825592
0.3971902132034302
0.39644041657447815
0.39606526494026184
0.3958343267440796
0.3960709869861603
0.39554277062416077
0.3953617215156555
0.39479199051856995
0.39495477080345154
0.39446020126342773
0.394292950630188
0.3939756453037262
0.39475420117378235
0.39504754543304443
0.4050343632698059
0.41435950994491577
0.42291897535324097
0.43410083651542664
0.4353642165660858
0.4352121353149414
0.4352010488510132
0.435204416513443
0.4372856318950653
0.43809404969215393
0.43764370679855347
0.4377944767475128
0.4377133846282959
0.43770867586135864
0.43796029686927795
0.43793871998786926
0.43835610151290894
0.43823936581611633
0.4380115270614624
0.43797141313552856
0.43815892934799194
0.43795281648635864
0.4383191466331482
0.43843555450439453
0.43679994344711304
0.4334169030189514
0.42357712984085083
0.41218313574790955
0.3978210687637329
0.39852309226989746
0.4027453064918518
0.4078114628791809
0.410171240568161
0.4108560085296631
0.4094640016555786
0.4076574444770813
0.4062429964542389
0.40558984875679016
0.40509727597236633
0.40571221709251404
0.40555840730667114
0.40497729182243347
0.40381425619125366
0.40244659781455994
0.40317267179489136
0.40291714668273926
0.40285569429397583
0.4001575708389282
0.36991357803344727
0.37109479308128357
0.32017096877098083
0.3119226098060608
0.3032070994377136
0.29823607206344604
0.2985762357711792
0.2951338291168213
0.29238879680633545
0.29113197326660156
0.28960293531417847
0.2900756299495697
0.2910451591014862
0.2920072078704834
0.2927015423774719
0.2927359640598297
0.29247480630874634
0.29301273822784424
0.2926290035247803
0.29421353340148926
0.30142873525619507
0.31505855917930603
0.3409671187400818
0.3751303553581238
0.40372219681739807
0.42669495940208435
0.4261396527290344
0.42285463213920593
0.4207693338394165
0.41945722699165344
0.41704341769218445
0.41782522201538086
0.41644084453582764
0.41723933815956116
0.4173509180545807
0.4173976182937622
0.41740116477012634
0.4117061495780945
0.41029947996139526
0.4096105098724365
0.4105500876903534
0.4124561548233032
0.41959086060523987
0.42504414916038513
0.42492246627807617
0.43683093786239624
0.4599604904651642
0.48787689208984375
0.5457795858383179
0.5441360473632812
0.5757776498794556
0.5989924669265747
0.6012287139892578
0.6043488383293152
0.6048024892807007
0.6088757514953613
0.6115730404853821
0.6116016507148743
0.6126707196235657
0.6104430556297302
0.6112289428710938
0.6090805530548096
0.6090124845504761
0.6091591715812683
0.6093709468841553
0.6095679998397827
0.6090966463088989
0.6088561415672302
0.6097091436386108
0.6095763444900513
0.6074506640434265
0.6051613092422485
0.6062029004096985
0.6062878966331482
0.6060966849327087
0.6060295701026917
0.6019250750541687
0.600233793258667
0.5998055934906006
0.6009447574615479
0.6009650826454163
0.603012204170227
0.6085789799690247
0.6188992857933044
0.6467998027801514
0.6498961448669434
0.6617322564125061
0.671181857585907
0.6767705678939819
0.6760737299919128
0.6753077507019043
0.6720615029335022
0.673486590385437
0.6744537353515625
0.6754462122917175
0.6734161376953125
0.6756129860877991
0.6740487813949585
0.6740697026252747
0.6748367547988892
0.6741152405738831
0.6726441383361816
0.6709338426589966
0.6704462766647339
0.6722103357315063
0.6746566295623779
0.673932671546936
0.6731964945793152
0.6720882058143616
0.671604335308075
0.6713810563087463
0.6709352135658264
0.6712827682495117
0.6713125705718994
0.6713556051254272
0.6717796921730042
0.671251654624939
0.6705943942070007
0.6697116494178772
0.6701285243034363
0.6687887907028198
0.6686159372329712
0.6673205494880676
0.6671257019042969
0.6667422652244568
0.6662286520004272
0.6659041047096252
0.6659659147262573
0.6664040088653564
0.6663066148757935
0.6664477586746216
0.6662123799324036
0.6656148433685303
0.6648889183998108
0.6646861433982849
0.6655291318893433
0.6653262376785278
0.6664539575576782
0.6669535040855408
0.6673470139503479
0.6666596531867981
0.6668352484703064
0.6670939922332764
0.6661766767501831
0.6662769317626953
0.6658118963241577
0.6668313145637512
0.6642085909843445
0.6617792844772339
0.6582740545272827
0.6586092710494995
0.6570068001747131
0.6565585136413574
0.656559407711029
0.6557992696762085
0.6533904075622559
0.649752140045166
0.6423789262771606
0.6386046409606934
0.6367694139480591
0.6358604431152344
0.6364705562591553
0.6337430477142334
0.6310983896255493
0.6257055997848511
0.6216025948524475
0.6152615547180176
0.6070840358734131
0.6037901639938354
0.6003379821777344
0.6001707315444946
0.6000573039054871
0.6018689870834351
0.6078932285308838
0.6074831485748291
0.6127756237983704
0.6123616695404053
0.6130673885345459
0.6119073629379272
0.6120857000350952
0.6121406555175781
0.6120467185974121
0.6132330894470215
0.6140667796134949
0.6160470247268677
0.621982991695404
0.6216409206390381
0.6220446228981018
0.6218030452728271
0.6223769783973694
0.6224063038825989
0.6222628951072693
0.622378945350647
0.6225138306617737
0.6227256059646606
0.6233741044998169
0.6226714253425598
0.621607780456543
0.6199318170547485
0.6195542812347412
0.61686772108078
0.602108359336853
0.5802993178367615
0.5671457648277283
0.5664678812026978
0.5538946986198425
0.5389343500137329
0.5393787622451782
0.5291970372200012
0.5107359290122986
0.5076500177383423
0.5034441947937012
0.5023854970932007
0.5019733905792236
0.5009323954582214
0.50163733959198
0.5027625560760498
0.5020840167999268
0.5020071864128113
0.5027316212654114
0.5025405883789062
0.5021781921386719
0.5021327137947083
0.5025867819786072
0.5042707324028015
0.507475733757019
0.5150384902954102
0.5259374976158142
0.5361093878746033
0.5367701053619385
0.5366580486297607
0.54416424036026
0.5481191873550415
0.5440258383750916
0.5443022847175598
0.5450283885002136
0.5449814200401306
0.5422090291976929
0.5344972610473633
0.48797672986984253
0.4539082646369934
0.4262293577194214
0.4020003080368042
0.3867165744304657
0.3836463689804077
0.37776950001716614
0.3782987892627716
0.3830831050872803
0.3846369683742523
0.38660433888435364
0.38839852809906006
0.38929155468940735
0.3904753625392914
0.39127397537231445
0.3931159973144531
0.39541706442832947
0.3992336392402649
0.4052464962005615
0.411325067281723
0.42042627930641174
0.4273059666156769
0.4326154589653015
0.4370013177394867
0.4426376223564148
0.44217586517333984
0.44220998883247375
0.44260990619659424
0.4427887201309204
0.44251954555511475
0.44258230924606323
0.44181373715400696
0.44047850370407104
0.43969011306762695
0.4397554099559784
0.437562495470047
0.4349811375141144
0.4349300265312195
0.4349640905857086
0.43509310483932495
0.43428894877433777
0.4338514506816864
0.4322836101055145
0.43105748295783997
0.4296364188194275
0.4293632507324219
0.4293787181377411
0.4292253255844116
0.42928311228752136
0.4291152358055115
0.42959874868392944
0.4291805624961853
0.4288099408149719
0.42912501096725464
0.4294057786464691
0.4297063648700714
0.4294857382774353
0.43007493019104004
0.4302330017089844
0.43068164587020874
0.42963528633117676
0.4289538860321045
0.42698484659194946
0.42529651522636414
0.4230068624019623
0.4228178858757019
0.4223134517669678
0.4221649765968323
0.4221823811531067
0.42243635654449463
0.4225533604621887
0.4245472252368927
0.4246477782726288
0.42272496223449707
0.4217946231365204
0.4216232895851135
0.42177990078926086
0.42127490043640137
0.4213137626647949
0.4210576117038727
0.4208732545375824
0.4200787842273712
0.4202788472175598
0.4204033315181732
0.41992509365081787
0.41985055804252625
0.4196751117706299
0.4208430349826813
0.4209299385547638
0.42077118158340454
0.42309874296188354
0.4255485534667969
0.4268970489501953
0.42800718545913696
0.4291924238204956
0.42923954129219055
0.4293048679828644
0.42938411235809326
0.4295177459716797
0.4294486939907074
0.4292936623096466
0.4289896786212921
0.4289299547672272
0.42848125100135803
0.4284138083457947
0.4280392527580261
0.42771250009536743
0.42744317650794983
0.4275607466697693
0.4275437593460083
0.4274595379829407
0.42759209871292114
0.4276706874370575
0.427394837141037
0.4269654452800751
0.42723995447158813
0.42645666003227234
0.4266830384731293
0.4273402690887451
0.4275529086589813
0.4273627698421478
0.42746004462242126
0.4273958206176758
0.42691606283187866
0.42673593759536743
0.42648062109947205
0.4265305995941162
0.4273267686367035
0.42609140276908875
0.4243636727333069
0.4210842251777649
0.4210299253463745
0.4183240830898285
0.42010119557380676
0.4260990023612976
0.42871350049972534
0.427951842546463
0.42838749289512634
0.4290916323661804
0.42928871512413025
0.43004119396209717
0.42933088541030884
0.428314208984375
0.42817699909210205
0.4269255995750427
0.42732882499694824
0.4273283779621124
0.4274100661277771
0.4272332787513733
0.4262654483318329
0.4263263940811157
0.4262034595012665
0.4248026907444
0.4249055087566376
0.42477795481681824
0.42553842067718506
0.4253927171230316
0.4252525269985199
0.42505091428756714
0.42421332001686096
0.4244334399700165
0.42415380477905273
0.4221138060092926
0.4208814203739166
0.4233456552028656
0.41910943388938904
0.41311216354370117
0.4176636338233948
0.41622301936149597
0.413623183965683
0.4152722954750061
0.4155069887638092
0.4151420593261719
0.4151378273963928
0.4149239957332611
0.4147419035434723
0.41514867544174194
0.41521623730659485
0.4153808653354645
0.4147988259792328
0.4148751497268677
0.4155568480491638
0.415696382522583
0.4156299829483032
0.4155888557434082
0.415558397769928
0.41559481620788574
0.41557446122169495
0.41565191745758057
0.4156482517719269
0.42028820514678955
0.42321714758872986
0.4238802492618561
0.4216633439064026
0.4208533763885498
0.41059577465057373
0.41455769538879395
0.4164479672908783
0.41811975836753845
0.4184919595718384
0.4213503301143646
0.4222680330276489
0.42348963022232056
0.42443251609802246
0.424402117729187
0.4251708984375
0.4228614568710327
0.4233209788799286
0.42305392026901245
0.42228519916534424
0.42295363545417786
0.42285770177841187
0.4237416386604309
0.423832505941391
0.42369696497917175
0.4242922365665436
0.4224936366081238
0.4217146933078766
0.4196292757987976
0.41480204463005066
0.4122875928878784
0.40807557106018066
0.4079781472682953
0.40776222944259644
0.40977743268013
0.4092830419540405
0.4149782955646515
0.4156174957752228
0.41913536190986633
0.42336297035217285
0.4264828860759735
0.428350567817688
0.4270211160182953
0.4245607554912567
0.4232529401779175
0.42001232504844666
0.41883814334869385
0.4234662652015686
0.4267418384552002
0.42719215154647827
0.428986519575119
0.43049517273902893
0.43055015802383423
0.4299667477607727
0.42959675192832947
0.42966222763061523
0.42889726161956787
0.42854535579681396
0.42919689416885376
0.4275628626346588
0.428548127412796
0.4282670021057129
0.42847028374671936
0.4291526675224304
0.4295547604560852
0.43088942766189575
0.4310879111289978
0.4311659336090088
0.4313657581806183
0.43176254630088806
0.4318137764930725
0.4318486154079437
0.431907594203949
0.4318709075450897
0.43174469470977783
0.4336905777454376
0.43650463223457336
0.43737268447875977
0.4423213303089142
0.4455451965332031
0.4483445882797241
0.4475302994251251
0.4464530646800995
0.4451124966144562
0.444659024477005
0.44495677947998047
0.44509202241897583
0.44338732957839966
0.4442637264728546
0.4450477063655853
0.44457805156707764
0.4457157254219055
0.44565728306770325
0.44719019532203674
0.44627445936203003
0.44682055711746216
0.4459191858768463
0.44578662514686584
0.4465658962726593
0.4454348385334015
0.4450666010379791
0.44524094462394714
0.4445783197879791
0.4448138177394867
0.44354650378227234
0.4424181282520294
0.4425172805786133
0.4406925141811371
0.43918460607528687
0.4370688498020172
0.43714943528175354
0.43636617064476013
0.43626439571380615
0.4296501576900482
0.4239141345024109
0.4133506417274475
0.40876665711402893
0.4086066484451294
0.4057968556880951
0.40641555190086365
0.4077116549015045
0.40797632932662964
0.4089824855327606
0.40866097807884216
0.4092407822608948
0.4080711305141449
0.4082285761833191
0.4096139967441559
0.4095180332660675
0.4106677770614624
0.4104308485984802
0.41277411580085754
0.41517016291618347
0.4156762659549713
0.41585323214530945
0.4177946150302887
0.4161839485168457
0.4155029058456421
0.41399967670440674
0.41253405809402466
0.4111822843551636
0.4101572334766388
0.4094325602054596
0.40910249948501587
0.40993425250053406
0.41080671548843384
0.4116075932979584
0.41115105152130127
0.41166162490844727
0.4116710126399994
0.4117056727409363
0.4116054177284241
0.4116937518119812
0.4203172028064728
0.40814077854156494
0.4086448550224304
0.40962228178977966
0.40696120262145996
0.4040435254573822
0.40294867753982544
0.40209656953811646
0.40176138281822205
0.40172168612480164
0.4012507498264313
0.40105777978897095
0.4012649655342102
0.3987766206264496
0.3958817720413208
0.38881200551986694
0.38367438316345215
0.37972939014434814
0.3824273645877838
0.3816934823989868
0.3817957043647766
0.3765486180782318
0.3797076940536499
0.3783954679965973
0.3799149692058563
0.37951916456222534
0.3800492584705353
0.38228535652160645
0.38330820202827454
0.3839000165462494
0.38467907905578613
0.384888619184494
0.38518109917640686
0.3852507174015045
0.3851442039012909
0.3817281424999237
0.3768506348133087
0.3816918730735779
0.38777852058410645
0.3882656693458557
0.3878316581249237
0.3871114253997803
0.38778412342071533
0.38678985834121704
0.3865831196308136
0.3870244026184082
0.3867429494857788
0.3870762586593628
0.38716164231300354
0.38719651103019714
0.38773801922798157
0.38670313358306885
0.3867340087890625
0.3868160545825958
0.3863186538219452
0.38625770807266235
0.3862422704696655
0.38599681854248047
0.385482519865036
0.38597917556762695
0.3856281042098999
0.3857271075248718
0.3858553171157837
0.38570791482925415
0.385883092880249
0.38574284315109253
0.38548868894577026
0.38583409786224365
0.38438576459884644
0.3843831419944763
0.3843418061733246
0.3842964768409729
0.38430196046829224
0.383551687002182
0.3835851550102234
0.383076548576355
0.3834027647972107
0.3827085793018341
0.384355366230011
0.3828645348548889
0.383709579706192
0.3829679787158966
0.3830941617488861
0.3834284543991089
0.3839714825153351
0.384360671043396
0.38387763500213623
0.384751558303833
0.3851575553417206
0.38709428906440735
0.3875422179698944
0.38790249824523926
0.3874339461326599
0.3871861696243286
0.3870653510093689
0.3873229920864105
0.3844093382358551
0.38246554136276245
0.38082510232925415
0.38263434171676636
0.38276562094688416
0.38052186369895935
0.38011395931243896
0.37991970777511597
0.3807924687862396
0.3799819350242615
0.3777775168418884
0.37862786650657654
0.37723883986473083
0.3789065480232239
0.3775654435157776
0.37604856491088867
0.3765842914581299
0.3761623501777649
0.3760952949523926
0.37549522519111633
0.37599149346351624
0.3761816620826721
0.3753014802932739
0.3749345541000366
0.3755713105201721
0.37159988284111023
0.3700800836086273
0.3689197599887848
0.35758548974990845
0.3505436182022095
0.3476133942604065
0.3433336615562439
0.3431440591812134
0.34434619545936584
0.3438509702682495
0.34303805232048035
0.3434622287750244
0.34343305230140686
0.343633234500885
0.34341660141944885
0.34531834721565247
0.34605664014816284
0.34587225317955017
0.3464457094669342
0.3472461700439453
0.3494880199432373
0.3500208556652069
0.35122761130332947
0.3519308865070343
0.3521091639995575
0.35245004296302795
0.3522927761077881
0.35239577293395996
0.3523767590522766
0.3528335392475128
0.35365331172943115
0.3537048101425171
0.3540692627429962
0.35428786277770996
0.35418322682380676
0.3549248278141022
0.35483163595199585
0.3549647629261017
0.35486072301864624
0.35356009006500244
0.35509929060935974
0.3556849956512451
0.35754895210266113
0.3598746061325073
0.3656890094280243
0.36419814825057983
0.3675784170627594
0.3745512366294861
0.3737419545650482
0.37400391697883606
0.3726942539215088
0.37179073691368103
0.3729664981365204
0.37424468994140625
0.3747059106826782
0.3749692440032959
0.375113308429718
0.37471461296081543
0.37501466274261475
0.3749997913837433
0.3738888204097748
0.3738149404525757
0.3734956681728363
0.37308719754219055
0.37330663204193115
0.3734629154205322
0.373379647731781
0.373292475938797
0.37435182929039
0.37388578057289124
0.35711950063705444
0.3555251359939575
0.3532392978668213
0.351047545671463
0.35336852073669434
0.3584100604057312
0.35972264409065247
0.3608655631542206
0.3611961007118225
0.36089110374450684
0.3597128689289093
0.35970133543014526
0.35876476764678955
0.35901153087615967
0.3584442436695099
0.35415351390838623
0.35212254524230957
0.35384711623191833
0.35405996441841125
0.3551562428474426
0.35492029786109924
0.3559802770614624
0.3567134141921997
0.357264906167984
0.35783371329307556
0.3572368025779724
0.3590553402900696
0.3590646982192993
0.358852744102478
0.3617869019508362
0.36323678493499756
0.3654324412345886
0.3687838017940521
0.3697562515735626
0.36820369958877563
0.3677878975868225
0.36751997470855713
0.3677504062652588
0.37756383419036865
0.3760748505592346
0.37429124116897583
0.3751925230026245
0.37572965025901794
0.37641799449920654
0.37615689635276794
0.3762213885784149
0.3774556815624237
0.3772694170475006
0.37656858563423157
0.3763555884361267
0.37614214420318604
0.3764370381832123
0.37648582458496094
0.3768029808998108
0.37690383195877075
0.3766847848892212
0.3765747845172882
0.3765896260738373
0.3765387535095215
0.3767356872558594
0.37698695063591003
0.376913458108902
0.3761281669139862
0.3765711188316345
0.3762139678001404
0.37596768140792847
0.37679535150527954
0.37680238485336304
0.37675151228904724
0.37691840529441833
0.3770054280757904
0.3773505687713623
0.3770097494125366
0.37742727994918823
0.3771926164627075
0.376650869846344
0.3759380578994751
0.38048186898231506
0.38582438230514526
0.3844936490058899
0.38393786549568176
0.3849671483039856
0.38482651114463806
0.3851536214351654
0.38485464453697205
0.38584572076797485
0.3850514590740204
0.3852008879184723
0.38595250248908997
0.3848567008972168
0.38630545139312744
0.3864744305610657
0.38727936148643494
0.38804349303245544
0.3885509967803955
0.38834184408187866
0.3888896703720093
0.39333376288414
0.3969387114048004
0.39969900250434875
0.3997753858566284
0.40543583035469055
0.41530853509902954
0.41525799036026
0.4180651307106018
0.4180939495563507
0.4178687632083893
0.4193415641784668
0.4203995168209076
0.4199102520942688
0.42052552103996277
0.42120325565338135
0.420818567276001
0.42059028148651123
0.4212072789669037
0.4200748801231384
0.4210458993911743
0.41406354308128357
0.4034160375595093
0.39383697509765625
0.3813868463039398
0.3816206753253937
0.3774081766605377
0.36877888441085815
0.38425692915916443
0.39128702878952026
0.39713436365127563
0.40261706709861755
0.4076746106147766
0.41145211458206177
0.4107667803764343
0.4104991555213928
0.409347802400589
0.4083268642425537
0.40797826647758484
0.4080299735069275
0.4053005874156952
0.406360000371933
0.4055306613445282
0.40355756878852844
0.40087035298347473
0.4016454815864563
0.4026329517364502
0.4003671705722809
0.3995645046234131
0.39903852343559265
0.3999817371368408
0.3975532054901123
0.4012294411659241
0.40142369270324707
0.40133053064346313
0.4014813005924225
0.40140408277511597
0.4015169143676758
0.4022132456302643
0.40981325507164
0.409150630235672
0.41209399700164795
0.4132595956325531
0.41267260909080505
0.4150674045085907
0.4159356355667114
0.414340615272522
0.41273579001426697
0.41469621658325195
0.41617831587791443
0.41641485691070557
0.41604238748550415
0.4167077839374542
0.415473997592926
0.4176969826221466
0.4158925414085388
0.4150663912296295
0.4151766896247864
0.41476836800575256
0.41439494490623474
0.41412484645843506
0.4124526381492615
0.4119994640350342
0.4092058539390564
0.40994375944137573
0.40520498156547546
0.40207231044769287
0.39942601323127747
0.40030449628829956
0.39924073219299316
0.3987964391708374
0.40132078528404236
0.39840900897979736
0.39939984679222107
0.39922526478767395
0.399943083524704
0.3986528515815735
0.39624249935150146
0.39481571316719055
0.39706969261169434
0.3947388827800751
0.3950088620185852
0.39407581090927124
0.3946554362773895
0.3943042755126953
0.39417171478271484
0.39548712968826294
0.3951851725578308
0.3960769474506378
0.3948582410812378
0.3955225944519043
0.39528748393058777
0.3964056372642517
0.39579322934150696
0.3944900631904602
0.39579346776008606
0.3959360420703888
0.39638975262641907
0.3955337405204773
0.3950542211532593
0.3958463668823242
0.3956351578235626
0.39568448066711426
0.39491623640060425
0.39553940296173096
0.39553534984588623
0.39510083198547363
0.3948937952518463
0.39554429054260254
0.39486047625541687
0.3953288793563843
0.3944348096847534
0.39502379298210144
0.395344614982605
0.3955504596233368
0.39553284645080566
0.3951929211616516
0.3920678496360779
0.39423826336860657
0.3934861719608307
0.39249786734580994
0.39333435893058777
0.3932880759239197
0.3915947675704956
0.39359450340270996
0.39311832189559937
0.39297839999198914
0.39286601543426514
0.39235109090805054
0.392275869846344
0.39294731616973877
0.3933015763759613
0.39222562313079834
0.3941589891910553
0.3914497494697571
0.3936837613582611
0.39447465538978577
0.3921089470386505
0.3922780752182007
0.3917117118835449
0.3926144242286682
0.39119723439216614
0.39194098114967346
0.39164063334465027
0.39187976717948914
0.3917646110057831
0.3922697901725769
0.3926107585430145
0.39178040623664856
0.39130523800849915
0.3922794461250305
0.3924241065979004
0.39240768551826477
0.39247551560401917
0.392257958650589
0.39186254143714905
0.39274653792381287
0.3931392431259155
0.39095818996429443
0.3926509916782379
0.392579048871994
0.39253103733062744
0.3913505971431732
0.3918302655220032
0.392264723777771
0.3918145000934601
0.3893885910511017
0.38433265686035156
0.3806735575199127
0.3800898790359497
0.3796069920063019
0.377824604511261
0.37606433033943176
0.37497925758361816
0.37290799617767334
0.3739520311355591
0.37381336092948914
0.3747485280036926
0.375002384185791
0.3761070668697357
0.37751463055610657
0.3795126974582672
0.3852827250957489
0.3867165446281433
0.3894699215888977
0.3909938335418701
0.3935406506061554
0.39545533061027527
0.3988877832889557
0.4002131223678589
0.40011265873908997
0.40000876784324646
0.40041446685791016
0.40081164240837097
0.40177038311958313
0.40317249298095703
0.40229323506355286
0.40226316452026367
0.40305447578430176
0.4017012417316437
0.40315133333206177
0.40275004506111145
0.4006091058254242
0.3994457721710205
0.4009999632835388
0.40074607729911804
0.40170836448669434
0.4017857611179352
0.4029935896396637
0.40163835883140564
0.40206781029701233
0.40137776732444763
0.40089622139930725
0.40389126539230347
0.4049696624279022
0.4055512845516205
0.4072723090648651
0.4068616032600403
0.40718746185302734
0.40843871235847473
0.4087766408920288
0.4100109338760376
0.4075716733932495
0.4080080986022949
0.40858790278434753
0.4126970171928406
0.4135493040084839
0.41036155819892883
0.4101313054561615
0.4102366864681244
0.40933987498283386
0.4087319076061249
0.4053362309932709
0.407541960477829
0.4003903269767761
0.40223443508148193
0.40289506316185
0.40421178936958313
0.4054279029369354
0.404689759016037
0.4049485921859741
0.4046113193035126
0.40359562635421753
0.4034028947353363
0.40476614236831665
0.39924484491348267
0.3998000919818878
0.39905714988708496
0.3956713080406189
0.3927783966064453
0.3934057056903839
0.3928369879722595
0.39047008752822876
0.39139315485954285
0.3898383378982544
0.3909768760204315
0.3893160820007324
0.39042767882347107
0.3906436860561371
0.3878478705883026
0.387846440076828
0.38106703758239746
0.3814111649990082
0.3772478997707367
0.37650835514068604
0.3803785741329193
0.3817756474018097
0.38025301694869995
0.37901753187179565
0.3793984055519104
0.36759722232818604
0.3678325414657593
0.3322364389896393
0.3237319886684418
0.3269972503185272
0.3310246169567108
0.3277832865715027
0.3272790312767029
0.3231896460056305
0.3302621841430664
0.33169397711753845
0.33113816380500793
0.3303607404232025
0.3299528658390045
0.3310980498790741
0.3318783640861511
0.3329806625843048
0.3344026803970337
0.334272563457489
0.3364400267601013
0.33995935320854187
0.341625452041626
0.3414883315563202
0.3407456874847412
0.34052014350891113
0.3397962749004364
0.3386244773864746
0.3386732339859009
0.33716148138046265
0.334554523229599
0.333534836769104
0.33198854327201843
0.33186569809913635
0.33006978034973145
0.3261913061141968
0.3219214975833893
0.3195512294769287
0.3181903064250946
0.31856825947761536
0.316474050283432
0.31750935316085815
0.30789071321487427
0.07240614295005798
0.07268764078617096
0.06711788475513458
0.07568012177944183
0.07075044512748718
0.08277024328708649
0.09952321648597717
0.1327405869960785
0.1714533269405365
0.180009663105011
0.1825113743543625
0.19314971566200256
0.20869509875774384
0.20732106268405914
0.2173616737127304
0.21735377609729767
0.21904082596302032
0.22262129187583923
0.22261735796928406
0.22308000922203064
0.22244101762771606
0.22235077619552612
0.22332946956157684
0.21947355568408966
0.2191915065050125
0.21962006390094757
0.22027245163917542
0.2160114198923111
0.21505042910575867
0.21677261590957642
0.21440096199512482
0.2145078182220459
0.21460705995559692
0.21348918974399567
0.2154942750930786
0.21437931060791016
0.20969697833061218
0.21093924343585968
0.20855730772018433
0.2130707949399948
0.21089838445186615
0.21009708940982819
0.2118932455778122
0.20930595695972443
0.20988108217716217
0.20671890676021576
0.20959869027137756
0.2042980045080185
0.20893315970897675
0.20595650374889374
0.20702505111694336
0.20279598236083984
0.20622915029525757
0.2011115550994873
0.2054847776889801
0.20283032953739166
0.19620271027088165
